# filename nbad nbailout ngaia ntot
003/tractor-0036m722.fits 850 14935 1425 17219
003/tractor-0036m725.fits 543 543 1052 9723
004/tractor-0043m717.fits 997 3452 1401 7753
004/tractor-0044m722.fits 1884 4428 3260 5092
004/tractor-0045m725.fits 1450 1450 1490 1914
004/tractor-0045m727.fits 1332 1531 1583 3754
005/tractor-0050m712.fits 433 1567 824 12067
005/tractor-0050m715.fits 862 2249 1155 8116
005/tractor-0052m750.fits 1485 11204 1916 13613
005/tractor-0054m727.fits 2079 2080 2080 2092
005/tractor-0054m730.fits 2630 21463 4236 21485
005/tractor-0057m712.fits 748 1683 986 8152
006/tractor-0060m720.fits 62312 76103 76103 76103
006/tractor-0061m722.fits 35947 53027 53035 53037
006/tractor-0062m727.fits 3764 9367 7238 9367
006/tractor-0065m712.fits 761 867 1084 11271
006/tractor-0066m715.fits 2700 4455 4320 5196
007/tractor-0073m712.fits 1225 1225 1251 2313
007/tractor-0074m715.fits 1560 1560 1562 1656
013/tractor-0137m380.fits 223 8021 302 9727
027/tractor-0277m445.fits 556 641 579 4348
037/tractor-0372m045.fits 183 182 186 1029
037/tractor-0372m047.fits 188 188 198 2002
053/tractor-0532m280.fits 156 573 247 9188
053/tractor-0535m280.fits 146 2231 236 9031
053/tractor-0537m282.fits 90 90 221 13619
053/tractor-0538m280.fits 53 53 235 11638
063/tractor-0636m237.fits 151 10900 383 22762
063/tractor-0637m240.fits 129 9926 393 23753
063/tractor-0637m250.fits 95 95 290 12529
063/tractor-0638m242.fits 221 8790 396 17751
063/tractor-0638m247.fits 365 1729 302 6045
063/tractor-0639m232.fits 158 2993 340 13607
064/tractor-0640m245.fits 213 1725 282 10280
064/tractor-0641m235.fits 207 1103 284 13811
095/tractor-0956m547.fits 314 4839 833 11676
099/tractor-0990m510.fits 871 861 899 1207
099/tractor-0991m505.fits 959 947 959 970
099/tractor-0994m515.fits 0 940 955 957
099/tractor-0995m502.fits 910 886 920 993
099/tractor-0995m505.fits 805 775 949 2529
099/tractor-0996m517.fits 0 872 902 903
099/tractor-0998m510.fits 0 1087 1091 1094
099/tractor-0998m515.fits 917 899 981 1783
099/tractor-0999m505.fits 0 940 958 958
100/tractor-1000m500.fits 942 918 955 1040
100/tractor-1000m517.fits 0 961 975 975
100/tractor-1001m512.fits 0 1047 1060 1060
100/tractor-1002m507.fits 1173 1168 1173 1183
100/tractor-1002m510.fits 2146 2146 2157 2548
100/tractor-1002m515.fits 978 964 986 1078
100/tractor-1003m505.fits 0 944 972 973
100/tractor-1004m500.fits 1021 991 1032 1221
100/tractor-1006m507.fits 1234 1245 1233 1252
100/tractor-1006m510.fits 1550 1549 1550 1558
100/tractor-1007m505.fits 0 985 1007 1007
100/tractor-1008m500.fits 952 913 1010 1399
100/tractor-1009m512.fits 77 195 965 14514
101/tractor-1010m510.fits 989 974 997 1081
101/tractor-1010m515.fits 925 902 932 978
101/tractor-1011m502.fits 0 989 1013 1013
101/tractor-1011m505.fits 0 941 958 960
101/tractor-1014m510.fits 1005 992 1006 1013
101/tractor-1014m515.fits 0 958 979 979
101/tractor-1017m512.fits 980 992 998 1114
101/tractor-1018m507.fits 1025 1156 1075 1391
101/tractor-1018m510.fits 1003 976 1019 1179
184/tractor-1842m317.fits 794 776 855 1389
184/tractor-1842m322.fits 260 528 805 6732
184/tractor-1845m315.fits 0 718 726 726
184/tractor-1845m317.fits 0 753 757 758
184/tractor-1845m320.fits 0 802 807 808
184/tractor-1845m322.fits 0 812 823 824
184/tractor-1845m325.fits 287 299 804 7004
184/tractor-1848m312.fits 0 743 750 750
184/tractor-1848m317.fits 0 750 755 757
184/tractor-1848m320.fits 0 805 815 816
184/tractor-1848m322.fits 0 785 791 793
184/tractor-1848m325.fits 734 722 774 1481
184/tractor-1848m327.fits 832 814 838 879
185/tractor-1850m310.fits 0 736 748 750
185/tractor-1851m312.fits 0 764 775 775
185/tractor-1851m315.fits 121 249 767 12656
185/tractor-1851m317.fits 0 815 819 821
185/tractor-1851m320.fits 0 763 765 767
185/tractor-1851m322.fits 725 708 765 1315
185/tractor-1851m325.fits 506 576 785 4756
185/tractor-1851m327.fits 880 857 905 1061
185/tractor-1853m312.fits 0 756 766 767
185/tractor-1854m315.fits 731 725 736 782
185/tractor-1854m317.fits 0 736 742 743
185/tractor-1854m320.fits 847 834 854 905
185/tractor-1854m322.fits 298 1289 878 12599
185/tractor-1854m325.fits 0 840 849 850
185/tractor-1854m327.fits 235 235 811 6789
185/tractor-1856m310.fits 602 580 763 2592
185/tractor-1856m312.fits 0 780 784 785
185/tractor-1857m315.fits 0 806 809 813
185/tractor-1857m317.fits 0 777 787 788
185/tractor-1857m320.fits 795 784 795 797
185/tractor-1857m322.fits 803 790 817 1142
185/tractor-1857m325.fits 0 801 808 808
185/tractor-1857m327.fits 0 836 858 859
185/tractor-1859m310.fits 602 584 758 2380
185/tractor-1859m312.fits 0 769 772 772
186/tractor-1860m315.fits 0 777 781 782
186/tractor-1860m317.fits 0 772 775 775
186/tractor-1860m320.fits 773 755 798 976
186/tractor-1860m322.fits 814 810 812 817
186/tractor-1860m325.fits 820 871 823 888
186/tractor-1862m312.fits 509 495 719 1996
186/tractor-1862m315.fits 0 738 747 747
186/tractor-1863m317.fits 0 744 755 756
186/tractor-1863m320.fits 839 819 884 1136
186/tractor-1863m322.fits 0 764 772 773
186/tractor-1865m317.fits 321 321 789 5116
186/tractor-1865p130.fits 1496 2164 301 2550
186/tractor-1866m320.fits 765 731 822 1465
187/tractor-1874p080.fits 1390 2023 396 2347
197/tractor-1975m237.fits 90 510 598 8511
200/tractor-2009m477.fits 3580 3580 3919 5638
201/tractor-2010m480.fits 3397 3720 3841 6555
201/tractor-2012m477.fits 9397 11143 9923 11242
201/tractor-2013m470.fits 3354 3355 4340 7852
201/tractor-2014m480.fits 4286 4662 4397 5069
201/tractor-2015m475.fits 0 68514 68514 68514
201/tractor-2016m467.fits 1989 1989 3110 11046
201/tractor-2018m472.fits 29708 40236 40249 40249
201/tractor-2018m480.fits 4248 8783 5248 10887
201/tractor-2018m482.fits 2305 2306 2593 4261
201/tractor-2019m475.fits 59170 75806 75812 75812
202/tractor-2020m477.fits 13368 15039 14410 15244
202/tractor-2021m480.fits 4227 5660 4472 5978
202/tractor-2023m475.fits 8021 11017 10680 11095
202/tractor-2023m485.fits 1464 1464 1493 1686
202/tractor-2024m470.fits 3242 4263 3585 6124
202/tractor-2025m472.fits 3623 4644 3816 5201
202/tractor-2026m017.fits 362 1554 413 12023
203/tractor-2030m475.fits 2888 4972 3398 6750
203/tractor-2034m475.fits 1635 1635 1939 3962
204/tractor-2040m297.fits 811 966 884 1769
204/tractor-2040m300.fits 808 900 948 3225
204/tractor-2042m295.fits 692 1025 837 3600
204/tractor-2042m297.fits 1620 3054 1936 6751
204/tractor-2043m300.fits 1267 1487 1514 4627
204/tractor-2044m302.fits 554 735 889 9407
210/tractor-2105m162.fits 0 501 511 511
210/tractor-2106m147.fits 484 485 483 491
211/tractor-2111m150.fits 0 480 487 487
211/tractor-2113m147.fits 0 501 503 505
211/tractor-2113m162.fits 507 494 510 587
211/tractor-2116m150.fits 528 551 528 551
226/tractor-2261m837.fits 1518 7004 2359 8570
227/tractor-2279m840.fits 1480 3039 1850 4949
228/tractor-2282m835.fits 1292 2738 1960 7150
228/tractor-2283m837.fits 1679 1679 1725 2107
229/tractor-2298m842.fits 1548 1548 1628 2566
230/tractor-2302m840.fits 1696 2649 1844 3261
230/tractor-2303m835.fits 1703 2162 1840 3036
230/tractor-2306m837.fits 1647 1647 1683 2100
231/tractor-2312m827.fits 1437 4985 2381 9510
232/tractor-2325m835.fits 1644 1644 1691 2169
232/tractor-2325m840.fits 1473 2504 1715 3856
232/tractor-2327m832.fits 1644 1919 1750 2435
232/tractor-2328m837.fits 1611 1942 1672 2089
233/tractor-2330m830.fits 1651 2763 1881 4149
233/tractor-2332m827.fits 1702 1780 1795 2676
234/tractor-2346m835.fits 1545 1944 1630 2506
234/tractor-2347m842.fits 1375 3006 1777 5295
234/tractor-2348m832.fits 1664 3617 2035 5267
234/tractor-2349m840.fits 1554 3942 1909 4880
235/tractor-2350m830.fits 1771 6880 2302 7246
235/tractor-2351m837.fits 1592 1751 1639 2014
236/tractor-2367m835.fits 1590 5711 2167 7259
236/tractor-2368m832.fits 1758 1892 1830 2466
237/tractor-2370m827.fits 1707 3793 2060 5048
237/tractor-2370m830.fits 1689 9546 2579 10735
237/tractor-2373m837.fits 1648 2299 1881 3957
238/tractor-2389m832.fits 1779 1968 1841 2576
238/tractor-2389m835.fits 1731 2294 1882 3437
239/tractor-2390m830.fits 1667 1914 1813 3300
241/tractor-2410m832.fits 1623 7126 2398 9249
283/tractor-2834m497.fits 2580 2710 3306 7477
283/tractor-2834m502.fits 1925 2216 3233 10265
283/tractor-2835m500.fits 3234 3214 3299 3631
283/tractor-2838m495.fits 2871 18715 5790 22394
283/tractor-2838m497.fits 3228 3248 3267 3502
283/tractor-2838m502.fits 3071 3049 3078 3123
283/tractor-2838m505.fits 0 3025 3047 3047
283/tractor-2839m500.fits 3087 3067 3187 3677
284/tractor-2841m507.fits 2989 3188 3027 3205
284/tractor-2842m495.fits 0 3191 3216 3218
284/tractor-2842m497.fits 2989 2992 3157 4634
284/tractor-2842m502.fits 0 3108 3131 3131
284/tractor-2842m505.fits 2979 2955 2979 2981
284/tractor-2843m492.fits 3141 3204 3245 3770
284/tractor-2843m500.fits 3122 3110 3199 3520
284/tractor-2845m507.fits 3066 3045 3071 3111
284/tractor-2846m492.fits 3165 3649 3233 3676
284/tractor-2846m497.fits 3092 3733 3209 3829
284/tractor-2846m502.fits 3096 3190 3104 3204
284/tractor-2846m505.fits 0 3019 3035 3035
284/tractor-2847m500.fits 2978 2964 3021 3288
284/tractor-2849m495.fits 2896 3885 3164 4809
284/tractor-2849m507.fits 0 2898 2923 2924
285/tractor-2850m492.fits 2496 13028 4804 18343
285/tractor-2850m497.fits 1174 1294 3006 13674
285/tractor-2850m500.fits 3027 3038 3029 3055
285/tractor-2850m502.fits 0 2922 2963 2964
285/tractor-2850m505.fits 0 2909 2941 2942
285/tractor-2853m495.fits 0 3020 3039 3040
285/tractor-2853m502.fits 2873 2896 2995 3655
285/tractor-2853m507.fits 0 2882 2908 2908
285/tractor-2854m492.fits 3050 3046 3069 3222
285/tractor-2854m497.fits 3064 3150 3075 3177
285/tractor-2854m500.fits 2343 3485 3001 7351
285/tractor-2854m505.fits 0 2853 2881 2883
285/tractor-2857m495.fits 2927 2905 2967 3218
285/tractor-2857m502.fits 2778 2770 2792 2838
285/tractor-2857m507.fits 0 2759 2788 2788
285/tractor-2858m492.fits 0 2839 2854 2856
285/tractor-2858m497.fits 0 2898 2918 2918
285/tractor-2858m500.fits 0 2839 2870 2870
285/tractor-2858m505.fits 0 2778 2796 2796
286/tractor-2861m495.fits 0 2783 2809 2810
286/tractor-2861m497.fits 0 2772 2801 2802
286/tractor-2861m502.fits 2698 2662 2733 2941
286/tractor-2861m507.fits 575 575 2712 14513
286/tractor-2861m640.fits 1426 1426 1786 5765
286/tractor-2862m500.fits 0 2771 2812 2812
286/tractor-2862m505.fits 0 2717 2742 2743
286/tractor-2865m502.fits 2096 2513 2780 5834
286/tractor-2866m500.fits 2577 3117 2690 3351
287/tractor-2872m635.fits 1683 1673 1773 2727
287/tractor-2876m600.fits 44728 59208 59243 59247
290/tractor-2902m590.fits 970 1332 1545 5804
291/tractor-2910m307.fits 4827 17447 7042 17498
291/tractor-2915m312.fits 4318 16164 6123 16234
292/tractor-2922m315.fits 3994 12397 5409 12552
298/tractor-2989m310.fits 1579 2775 1918 5474
299/tractor-2991m297.fits 1666 2219 1966 5855
300/tractor-3002m197.fits 240 251 1840 11823
310/tractor-3104m342.fits 212 212 950 13547
322/tractor-3226m135.fits 283 4188 685 11395
330/tractor-3307m512.fits 1569 2102 790 3437
355/tractor-3558m547.fits 84 79 310 9864
